98.33499549999999,3.4919836
98.8683234,3.1993082
99.8098514,1.5832914
100.239636,1.1235656
100.6284388,0.6164915
100.9473955,4.8772948
80.552201,7.4902994
101.5950524,3.4104915
100.3242567,6.815057899999999
79.9347178,7.461455099999999
99.8739329,7.765916099999999
102.5847801,-0.4084542
102.4531146,2.3180477
99.34953139999999,8.675386399999999
98.735704,9.551492999999999
103.2107049,2.1929044
102.5270861,5.0153845
102.2302665,6.089089899999999
103.578694,1.5454189
103.5727324,2.6992535
103.4237843,-3.9440799
103.8443608,-2.8654303
99.887153,12.0283681
104.9885189,-5.365549500000001
80.0697876,12.9052964
105.4992432,-5.007111999999999
100.1863029,13.506612
99.1333909,14.410027
101.0074514,13.1338729
105.8685961,-6.3642205
103.4406976,11.0759448
100.8119265,13.7421146
100.5853398,14.3508001
100.3277782,14.9531787
102.2695889,13.4970162
77.3621113,13.1647232
107.2714627,-6.064784599999999
100.0376533,15.5446179
107.1448856,-7.009580499999999
103.8734955,12.4482502
99.7137678,16.1276719
101.829286,14.7453632
100.6447981,15.7714767
101.5538591,15.3629435
103.5415151,13.743496
100.3182607,16.3628042
102.4566295,14.8994198
101.2589212,15.9742676
99.9587105,16.94664
105.1481149,12.5344923
99.56894439999999,17.5134641
106.6325985,11.1399431
100.5647465,17.1633574
99.1511455,18.0787527
101.5341381,16.7617762
103.7133255,15.1194088
98.7142822,18.6297325
103.4343102,15.762884
99.74889540000001,18.3135248
105.4546974,13.8948776
102.1630086,16.9092062
107.1595351,11.7623437
109.630736,-7.178699900000001
99.28730689999999,18.8637615
101.7984197,17.5171344
106.0701818,13.8744799
98.808185,19.4173001
109.9426489,-7.714871799999999
99.8942513,19.0927256
104.6947386,15.8981417
110.4276712,-7.1822015
100.4822226,19.2937639
105.3267954,15.9275867
101.1432496,19.4590414
111.4706085,-7.7027117
111.940735,-7.1117513
90.64013179999999,23.3686758
112.2099924,-7.659178199999999
112.4576355,-8.221504
113.934857,-1.4008181
90.863407,24.4392838
113.3847488,-6.950663400000001
113.1758414,-8.1582759
103.9419293,21.3064408
115.4809032,-0.124672
117.2196392,3.0172545
90.7250426,27.6373448
116.3096646,-8.9049442
120.1060318,-4.1859283
119.2579142,10.2280287
120.5335636,-9.751067599999999
113.9299326,22.3753837
122.4786946,-5.1787347
119.8667123,16.2473767
120.6674015,14.8102734
122.0751585,11.8302933
120.7028609,16.3770662
123.0121069,10.7860474
123.5470115,9.2034026
124.8637425,1.5609018
123.9161834,9.6920122
121.224856,17.4890371
124.8085089,6.4126986
125.1820194,7.9688187
125.5861881,6.279637399999999
120.0793935,-21.6972839
124.9477478,11.2245374
124.1428501,13.9519612
125.4940098,9.546387800000002
120.6438522,22.2930589
115.7851885,-28.8400115
124.1120354,-17.8137344
120.9340424,23.4675934
115.6899418,-31.5692321
125.8441657,-18.6598006
120.4721047,-27.1349755
116.8159771,-30.8798496
116.4053737,-31.570906
115.9906633,-32.2539908
118.2093843,-30.8226515
115.8210218,-33.6138793
128.7391995,-15.7579656
117.0059443,-32.910955
119.2402241,-31.4233537
117.7320773,-32.8887192
130.8315682,-12.8306571
53.77202250000001,24.0121003
117.5623647,-34.2541788
130.372095,-15.599453
118.3027804,-34.209794
117.8236436,-34.911375
121.9711611,-33.7971913
134.4448565,-19.4220133
133.9725301,-23.7535321
107.5902234,47.1668266
130.3613941,31.8327392
130.3778784,32.4651445
131.1212869,31.8473593
126.9852364,37.3142978
134.1568732,-28.2745155
126.9008889,37.9476746
131.1459197,33.12411280000001
38.9502232,-0.7352114
99.3263041,50.7851059
38.7912731,-3.5825033
38.0713625,-0.9624419999999998
132.6972157,33.117433
131.9296857,34.4245696
111.6067284,48.9873516
132.7161266,33.7665068
106.3784816,50.54720469999999
139.89862,-18.4932418
37.5340883,-0.6247128
139.245681,-21.6337908
132.7167086,35.0564893
36.655539,-0.8467041999999999
133.4995556,35.0484506
87.2674622,53.7622758
91.2558069,53.8756292
142.2606598,-16.1768715
134.2732587,35.0261205
35.7770945,-1.075266
35.582597,-0.159717
135.7758712,33.6362423
141.0839004,-22.7042882
135.6474023,-34.2528549
135.0497338,35.6450717
136.3096917,-33.9210283
110.6083612,52.3391477
138.3716824,-30.4320367
135.815758,34.9449984
82.15653999999999,55.0726137
83.71193129999999,55.4097502
136.5816424,34.8886522
100.6758073,55.26621669999999
136.6076447,35.5355857
137.0289621,-35.0420375
95.5200529,56.0217517
77.3922398,55.2766982
137.3442951,34.8216119
110.22909,53.7423926
136.7109799,-35.9404071
137.7084888,-34.6734779
138.6529255,-33.3688129
137.3617566,35.4812561
138.3611209,-34.2997697
138.1018017,34.7418559
144.0573418,-20.8655289
145.0211214,-16.9884906
137.3736485,36.1417625
139.0141795,-33.92519619999999
138.737878,-34.8604001
138.8561198,34.6545419
143.2491176,-25.1765521
138.1379758,36.0721526
140.5401544,-32.1938956
138.8860863,35.3186602
93.27520729999999,57.6096701
145.940745,-17.9046196
138.9102017,35.9829847
47.0182271,43.571788
145.9231157,-18.891225
139.6415833,35.2212322
74.6404367,56.87327879999999
138.9224794,36.6488139
46.2262979,43.2836544
43.2255174,39.939743
139.6701595,35.8878434
55.65714329999999,50.9192624
82.3184236,58.3411547
42.9151359,40.49953989999999
140.4261382,35.7833107
133.2362743,44.886014
46.4821174,44.7749914
139.709821,37.2148682
140.4539137,36.4525232
140.1759722,-37.0561516
44.30361329999999,43.2657995
142.0610166,-34.3456333
140.4741433,37.1245194
139.6992664,38.5731746
58.6288595,53.7977944
35.4338282,29.6393409
140.5295971,-37.6240049
140.4878378,37.7964362
60.93463939999999,55.2166023
140.490368,38.457432
142.1673054,-35.8391068
59.7762901,55.1233677
140.4912704,39.1455122
147.6145907,-22.747439
44.2566851,45.3309205
142.5368793,-36.3963732
141.2843439,39.0377127
34.8127427,31.6404139
39.2883631,40.1607747
141.2784407,39.7093869
140.4430272,41.1847645
143.5591352,-36.5085129
145.2806877,-33.6540525
140.375527,42.533119
143.9340067,-37.0405754
143.6429587,-38.0291149
44.0519003,48.010203
144.5855187,-36.6079942
32.0842545,-28.7914018
35.5545404,37.1004837
145.4442915,-35.1524123
144.3069004,-37.594299
41.1912188,45.4782494
73.3779519,61.2804935
43.1734079,47.6908712
49.78485,52.9925137
52.8219765,54.85030649999999
30.2718359,-24.4757987
40.3754335,45.0938818
149.1535467,-26.6899714
73.81918069999999,61.8572594
35.4721068,38.6291614
45.1532466,50.4289491
147.4501807,-32.7488162
141.9860157,43.0166717
40.0981123,45.6891071
64.4296475,60.23771479999999
38.7859982,44.3316461
142.8308523,42.2250872
40.5773158,46.6428892
147.0595552,-34.7605354
141.9496352,43.70380309999999
49.5048336,54.1992404
39.251307,45.3022686
35.4070932,40.1561314
50.4963393,55.0529829
39.7532593,46.2546502
30.1435953,-28.0926697
147.4515363,-35.282927
137.5720502,49.4750124
28.8819801,-24.6237801
149.120606,-31.257798
38.9406114,45.8817465
141.8494749,45.0738122
147.2337666,-36.2910859
28.455689,-23.6777512
143.6316022,42.7789229
50.3212437,55.64786429999999
38.1453091,45.4857914
57.522701,59.20166999999999
150.8914981,-27.655288
32.2707236,36.3190401
28.5539108,-25.9682224
37.3181913,45.0771708
28.8703295,-27.6196275
28.1092934,-25.0248959
143.5827999,44.15699350000001
27.6852927,-24.078606
144.4309456,43.3463026
49.0686888,56.0253953
150.6125275,-30.7376098
53.6232775,58.7389276
151.8198715,-27.6117709
43.20786640000001,52.4915466
151.1177689,-30.218925
31.4900199,37.3813577
149.4274176,-35.3460391
32.6409848,39.8862509
50.0180922,57.4869199
26.1171732,-20.2003218
28.82779919999999,-31.25794339999999
150.8829686,-32.2711348
27.9395349,-28.6997151
27.1703472,-26.1035974
152.7204009,-27.5563666
30.2727952,36.383401
147.6034316,-40.9380849
151.2896148,-32.7798
150.4086241,-35.3647546
151.9546143,-31.2138868
151.1435,-33.8156054
73.6389982,65.44268339999999
24.8229356,-17.9248457
153.1403247,-28.0392548
147.9698522,-41.4724915
29.2838769,36.4069105
48.5362097,58.45154299999999
30.3169036,38.9670549
24.7502651,-20.2487684
27.3732617,-31.4550525
39.0682924,51.6508826
27.7797765,-33.0858195
49.6683864,59.32134689999999
29.6924032,38.46655020000001
38.1399281,51.2668005
45.1149188,57.0139054
24.9433052,-24.2703634
29.079953,37.958761
27.1046156,-32.8334675
36.3331548,50.4597759
40.926945,55.1085473
37.5145989,52.4250379
36.0005766,51.0294815
129.3798233,61.48134139999999
29.13206779999999,40.5632202
34.5979567,49.6109576
55.2001339,64.39824949999999
129.5496908,62.8339136
56.92124,65.1430328
40.14100930000001,56.8806472
23.7435778,-29.0905834
38.2793068,55.5382933
37.97023799999999,56.12481
34.0669242,52.320092
22.4841761,-26.0995062
23.4399255,-30.4993632
32.6604857,50.85808
36.9273499,55.729652
134.0305012,62.29219739999999
26.8674496,42.161366
23.101628,-31.8830028
30.9824957,49.9316649
36.6108688,56.3200999
32.8044887,52.4416646
27.3617826,44.269915
42.45857549999999,60.9187357
35.5791909,55.897029
26.7064265,43.7565992
30.6049537,50.4884408
27.9321319,46.3709281
32.4412209,53.0080711
25.8153886,42.1564822
42.2443062,61.4887428
21.3441663,-27.8508487
26.0562,43.2246958
27.2414417,45.856939
22.6184294,-33.984597
25.1995029,41.6260307
27.5415627,46.91633520000001
34.8976957,57.0531343
43.2162988,63.0404479
24.7761855,42.1471961
25.8686624,44.8140687
27.1073676,47.44670860000001
21.5476799,-32.704542
23.2545297,38.8952842
26.1343218,45.8842293
24.1742697,41.5978242
25.2146444,44.2804053
34.5493268,57.6316198
26.4090444,46.9352668
24.3443887,42.6643441
25.4320316,45.3501042
21.2045829,-34.0992098
20.4395849,-31.3786216
22.1491318,37.7649541
24.767891,44.8178835
21.6108402,37.1840355
27.7597017,51.1572829
25.2896742,46.9492248
23.3024816,42.635569
24.5883115,46.4060798
23.6943802,44.7858526
24.8292521,47.4782761
22.1022694,41.5083272
24.1487351,46.92908629999999
23.2458125,45.3147962
20.8388925,39.2765309
21.6741759,42.0226176
24.6874374,49.0817094
22.6132867,44.7582658
21.8215641,43.1107014
22.8120356,45.8414012
32.0096781,59.4846993
23.050593,46.9095021
18.5200308,-33.5429132
21.3726525,43.6225287
33.5130169,61.52945629999999
31.5554214,60.05793560000001
23.5262466,49.0498491
29.8665097,58.56523019999999
22.5636142,47.4275058
21.9098807,46.8761194
27.3426993,56.53448220000001
25.9818901,54.9660703
31.9691047,61.656302
22.3558765,49.04376800000001
20.4626295,44.6459323
32.7444803,62.67220099999999
21.4510815,47.3978754
25.1334238,54.4421127
26.8888535,57.0886027
27.4024762,58.1489018
20.7967406,46.82762899999999
29.6449823,60.7286426
21.8924655,49.57431589999999
23.1501542,52.3017782
20.1592966,46.2520087
26.9340798,58.70608679999999
23.8205364,54.4512574
19.5433924,45.6704079
24.1932864,55.5370977
25.9635524,58.2015165
28.0898021,60.8205545
151.7605543,61.0228764
21.9182259,52.271472
26.4703516,59.259291
19.0686824,46.1836616
22.202772,53.35523629999999
20.0380695,48.9604626
25.483138,58.7472802
19.2013912,47.2777498
20.2349441,50.0497027
19.3854365,48.3811749
18.5919774,46.69292009999999
28.9777345,63.4872192
20.6773329,52.236287
16.5346619,40.4574056
24.9909354,59.2950884
18.7321363,47.7913744
22.0139539,54.9747314
17.1945131,43.2960079
19.7461359,50.5729531
16.009706,39.867202
18.0990014,47.2022876
19.0585317,49.9895479
22.6962116,57.15052249999999
20.1803438,52.7619152
16.0534288,40.9712656
19.2274267,51.087423
24.9943493,60.922946
18.3978074,49.4015768
15.0030213,37.5179924
19.4511122,52.18499060000001
15.5428539,40.3481796
18.542555,50.5053498
27.9945324,64.6217808
15.5795856,41.4638708
17.7404316,48.8193715
14.5304058,36.8913693
18.7365504,51.6039022
22.5656277,58.7752667
28.789174,65.6759079
17.8865512,49.9146885
16.3102437,45.401447
17.1112184,48.21829150000001
18.0474371,51.0192063
23.4257769,60.94080589999999
17.2375608,49.3197303
14.0789795,37.3757671
25.6047274,63.61865599999999
16.4954354,47.6152165
15.8162023,45.8988577
22.4383982,60.4005645
16.6069359,48.7235577
160.1855599,56.25093649999999
15.190931,44.1753013
24.4546837,63.10402740000001
17.5316699,51.5312309
26.9805791,65.7413579
18.6206429,54.325532
16.7235741,49.8298516
15.2524773,45.2852261
25.0556804,64.1723337
17.6922557,52.63435
23.3697078,62.56609899999999
14.102495,41.8212255
21.8847961,60.93494339999999
17.160708,53.148674
22.802742,63.11408849999999
14.8091832,46.8935594
13.6087152,42.3118061
16.4683604,52.5532124
13.6319253,43.421287
14.2384205,46.2733605
13.1083988,41.6771501
15.7879697,51.9518572
13.1125469,42.793586
16.0558733,54.1682186
12.6161391,42.1607638
14.4278211,49.6156763
13.7656985,47.8796291
12.6144541,43.2774815
13.1672222,46.1379127
17.6190748,59.19665060000001
13.1974062,47.2566852
22.6825034,66.382288
12.1124728,42.6408004
12.6295846,45.5109164
13.2802985,49.49217240000001
14.90623,55.1808447
11.6010525,43.1248555
15.9819985,58.0066981
20.3283948,65.2824675
11.5900251,44.2431129
11.5804762,45.3591828
11.0804828,43.5846353
21.963011,68.563684
11.0671906,44.7178359
14.5719001,57.9106901
11.0492817,45.8427981
10.5606111,44.0787697
10.5415777,45.19641439999999
169.479472,-45.7571681
13.0043074,55.5690279
10.5024479,46.3140869
10.0373361,44.5521924
10.4717759,47.4374727
18.1963084,66.8779839
13.1809449,57.80392249999999
9.999461799999999,45.6784852
12.3827546,56.06582419999999
9.5053369,45.0241913
6.7595641,8.0252728
11.7077334,55.4375832
12.5262834,58.3035221
9.4594769,46.1474381
17.8451568,68.51219429999999
8.9637951,45.4957421
12.7039288,60.54129330000001
13.8344252,63.3899971
8.4755796,44.8492762
14.004532,64.4896247
9.8229063,52.40394819999999
8.4137002,45.9667523
9.8007858,53.526267
15.8714754,68.4476839
8.006213299999999,44.1900424
8.344871399999999,47.0876214
7.933761499999999,45.3076616
9.7676002,55.7726936
12.1632216,63.265255
7.8507548,46.4308021
9.7610037,56.8878859
7.466267800000001,44.6482732
9.137851,55.12897899999999
173.636627,-35.80726569999999
7.695754099999999,48.679027
9.7341111,59.1414089
7.2875438,46.8943119
174.0266009,-35.136587
7.195861900000001,48.02171269999999
8.4763667,55.6037853
174.0017047,-39.1710509
7.1026815,49.1445772
8.427904,56.7275812
9.0202821,59.6209922
6.012384,43.779987
8.337414400000002,58.97802879999999
174.6554806,-36.706278
174.5212106,-39.6287156
7.6618689,58.3238508
8.2359806,61.2204339
174.9269914,-38.9618634
6.0085555,48.9406981
5.655055,47.150397
5.329657399999999,45.3560362
5.024609700000001,43.563287
175.1963744,-41.21100999999999
5.7654821,51.1887903
5.2662585,50.5237558
4.74932,45.811354
4.460680099999999,44.013837
4.9904082,52.7692123
176.2062672,-38.0469475
4.6322617,50.9775535
4.3048636,49.1790195
3.889364,44.4604085
4.479617999999999,52.100103
176.5126076,-40.2941616
4.1484144,50.3047938
3.7329,45.58325
5.2625432,60.84162139999999
176.7307927,-38.4919632
3.8427313,48.5086873
3.482735,43.7893591
3.5714933,46.7120505
5.0678261,61.9652797
176.8964958,-39.617519
3.6774824,49.6291156
3.3126615,44.9066808
3.0738421,43.1047961
3.5067763,50.7507651
3.1396356,46.02907570000001
177.2747768,-38.9313064
2.8983533,44.2266335
2.7235163,45.3516248
2.7817466,48.2759918
2.8505822,51.1985621
2.5423689,46.4722963
2.1110116,42.8616067
2.1487497,48.7162452
1.9191644,43.9836318
1.9309,46.910458
1.946188,49.83427
1.7254777,45.1059297
1.5296076,43.2994239
1.5224322,46.2262905
1.3511899,41.49115
1.1514118,42.608427
0.9094586000000001,46.6597412
0.7851488,41.9232243
0.733583,44.85095399999999
0.4754882999999999,7.516209099999999
0.57299,43.045585
0.4128512,41.2358319
0.3706473,51.8226248
0.126948,45.2799323
0.05861910000000001,40.5373867
-0.066246,38.7314326
-0.3794425,42.77770659999999
-0.4892365999999999,45.7077925
-0.6140907999999999,53.355731
-0.748962,51.5551278
-0.6230762999999999,39.1650819
-0.9101543,54.4742001
-0.8618159999999999,45.0133041
-1.341991,60.3146396
-0.9729466,43.20494
-1.1608603,50.8609303
-1.0817377,41.4071915
-1.2741919,49.0532528
-1.4620955,51.9712246
-1.1824882,39.5811138
-1.3776139,47.2451409
-1.3048242,42.4941104
-1.7668792,53.0824481
-1.4189131,40.6843818
-1.6580627,48.3579169
-1.5100787,38.8895269
-2.0929521,54.1954962
-2.1688511,52.3906539
-2.025296,47.661327
-2.5067108,53.4998269
-1.9950784,41.1172791
-3.2073811,57.52265209999999
-2.9055455,52.7999373
-2.6902378,48.0762126
-2.5236506,43.3398674
-2.9556757,50.99373749999999
-2.0809989,7.148350199999999
-3.6301881,55.016054
-4.042373899999999,57.9215099
-3.36134,48.486776
-4.036277,56.1239084
-3.0259489,37.2059028
-4.912099,58.3236288
-4.400189999999999,51.8003157
-3.549712,39.432454
-3.7912027,42.3535606
-5.314805199999999,57.61238669999999
-3.853624,38.7317002
-5.7137267,56.8914762
-4.4165915,40.9482735
-5.9826986,54.3933796
-5.032151499999999,43.1640937
-6.3320672,53.6831122
-6.791518399999999,54.7771906
-5.0219475,37.7331389
-6.6764543,52.97980519999999
-7.1221774,54.066685
-5.63279,41.7485799
-7.455861800000001,53.3563443
-5.935827,41.0506898
-7.9307395,54.4403054
-5.8861285,37.4284344
-7.784618599999999,52.6397129
-6.2328825,40.3436902
-6.5814195,43.2426791
-8.248590799999999,53.7280637
-8.090732,51.9322787
-6.775568799999999,38.9234319
-9.0750928,54.0956767
-6.7449075,37.1067901
-7.1033518,40.022421
-7.514931799999999,42.9226317
-9.3570704,53.3865323
-7.4383212,41.1215619
-7.3759538,39.314756
-7.7917447,42.2127602
-7.3232339,37.5135659
-9.6614729,52.6695629
-7.7122984,40.4104831
-8.15664,43.30721
-8.0635996,41.50219260000001
-9.925584299999999,51.9520111
-8.6952921,41.8844222
-8.5972145,40.0819988
-8.510489999999999,38.2839099
-8.8557049,39.3747061
-8.758625199999999,37.5704285
-17.4887138,65.70351169999999
-20.446642,64.0489442
-21.6186615,65.0236991
-22.9308644,66.022397
-149.7704064,67.9667214
-149.5654829,61.4007123
-149.1163,60.8279112
-16.6441627,28.0852749
-133.4084371,68.9626723
-145.2327843,61.5683158
-143.6822846,61.4053404
-127.8811704,59.9964131
-126.6122178,59.5961317
-122.6281241,58.83546769999999
-114.488574,55.67612
-57.21639279999999,50.6673121
-124.188503,49.2837624
-56.5049876,49.4226739
-68.0169727,-54.0788397
-53.4454478,47.1703189
-110.176267,54.3457898
-113.8053376,53.18771419999999
-54.6104263,47.68773849999999
-57.4270971,49.2673453
-110.3641477,53.7251884
-119.2455551,50.4850051
-113.9153569,52.565175
-58.36360010000001,49.1022621
-112.8356169,52.5652956
-58.0189264,48.47929920000001
-119.2089123,49.8644534
-113.9892854,51.9400045
-101.8414984,54.7794677
-67.5979083,52.29746979999999
-34.9581995,-7.0770576
-57.6488671,47.8764589
-118.2232577,49.952101
-100.7175364,54.596235
-121.9196958,47.6797457
-108.381685,52.9747454
-35.7135087,-8.1537891
-120.9639314,47.7746871
-111.9782697,51.2705965
-36.1059139,-8.6800413
-106.2409173,52.7795825
-109.7610864,51.8068851
-69.604687,-51.5085215
-120.8682645,47.15778599999999
-107.5151569,52.25960749999999
-110.9351018,51.22710319999999
-36.32622670000001,-6.821866099999999
-112.0762189,50.6532642
-122.4717236,45.6720038
-69.5375352,-50.9117346
-120.7632242,46.5322883
-107.7167482,51.63662679999999
-123.2284851,44.9143879
-36.8427628,-6.4253143
-37.3065173,-10.2318682
-117.1305101,48.0744032
-123.059911,44.2881063
-111.1416517,49.960505
-118.8995293,46.6788667
-39.8640678,-19.5426374
-38.1390771,-11.2423285
-75.4155257,51.4111521
-37.4878736,-5.1322036
-110.1640639,49.895716
-38.5055846,-12.6401472
-102.4194008,51.578572
-39.33055,-15.42725
-117.0393233,46.7936837
-123.549356,42.8885417
-112.2878382,48.7330579
-67.6025323,48.6270079
-40.8709124,-20.4163394
-110.2524788,49.2695604
-40.28830689999999,-18.1491345
-104.8992235,50.659051
-38.9987858,-12.2160825
-61.40855810000001,45.65155
-39.789462,-15.8850402
-64.180959,46.9241457
-38.5251368,-7.589990999999999
-62.59672999999999,46.00765
-109.3016936,49.2034248
-112.3406471,48.086061
-39.8673248,-14.0838376
-39.4742019,-11.7855643
-99.50049070000001,50.9851256
-66.2063716,-47.1737319
-122.5195926,42.3998192
-106.2667985,49.5236276
-112.3499218,47.4407347
-119.3852021,44.0669585
-39.6467973,-10.0005304
-43.0720776,-22.9556976
-117.7289409,44.8142667
-39.9986481,-11.3700725
-99.8268352,50.3732519
-97.65159270000001,50.5363558
-39.6237871,-3.6613772
-102.2551041,49.5394115
-65.47791149999999,45.776624
-108.5615747,47.8140553
-112.3929016,46.1426124
-41.329965,-12.7760443
-64.7679684,44.6136937
-121.9288608,40.5008942
-78.50893909999999,48.7486812
-116.6482281,43.5684416
-43.8150398,-20.1909738
-40.7878792,-5.180656
-71.6375733,46.8835506
-117.4168455,42.8786726
-105.7953984,47.4707974
-68.2974146,45.3969709
-79.1787453,48.2728671
-120.299459,40.70468200000001
-72.6658721,-46.6908658
-69.5040075,45.6042666
-122.2962634,39.1161527
-72.4409275,46.4680229
-67.23244679999999,-44.5431685
-44.8868878,-20.9491643
-122.844081,38.3582127
-41.4907049,-3.9598136
-121.4914892,39.22162670000001
-70.76021229999999,-45.5908847
-71.9381872,45.9550527
-93.6699433,48.5216427
-102.05688,47.439395
-107.9109139,45.7674319
-73.1612713,46.0835555
-114.8317376,42.9237993
-103.1257113,46.9803931
-89.5899828,48.35056669999999
-110.6370193,44.7164209
-46.78695889999999,-23.7397829
-69.8714499,44.6861867
-121.2724758,38.5888608
-90.84278259999999,48.1202152
-45.2950599,-19.5941547
-50.1957713,-29.1589306
-72.4793493,-45.3869469
-71.0494325,44.8614711
-118.4758646,40.19055220000001
-54.9999723,-34.8830823
-46.5508137,-22.0336985
-73.89717449999999,45.6667498
-51.1381299,-30.2404527
-45.8302817,-19.9541916
-98.3617986,47.1769001
-44.1945222,-14.4974831
-47.23958,-23.2325715
-106.1851637,45.5066879
-101.4025427,46.58268289999999
-75.10563379999999,45.7536513
-50.864323,-29.41577199999999
-121.0388101,37.948821
-53.1377494,-32.3171454
-113.9014903,42.2576418
-58.7169103,-37.584102
-48.7273095,-25.5476909
-92.4791977,47.2713567
-112.2708003,42.8611954
-79.31541600000001,46.35452
-44.27082840000001,-12.7838999
-103.4836669,45.6634845
-70.2421506,43.7551918
-120.2554196,38.0414239
-71.533417,-44.14919210000001
-93.6424672,46.9866106
-49.3359711,-25.8295116
-88.5987663,47.0253203
-51.2617882,-28.8455683
-120.7959634,37.3095531
-111.4411055,42.7931275
-56.04210209999999,-34.4241882
-97.81981850000001,46.2756794
-72.54845139999999,44.0536714
-112.2310851,42.1813324
-75.337487,44.7968018
-82.9635614,46.2094968
-70.99351469999999,43.3657896
-120.0213,37.4017614
-90.9665084,46.581922
-71.4794592,-43.510839
-45.24838769999999,-13.6277261
-52.8606261,-30.1194129
-44.848901,-11.5104326
-108.9396866,43.2139122
-51.6627048,-28.2653417
-120.5440765,36.669373
-111.3917756,42.1231643
-64.4394086,-39.9649649
-54.8931848,-32.0815608
-121.0446915,35.9263037
-55.96680569999999,-33.0397642
-114.3891879,40.2687033
-71.7358248,42.9689395
-119.7836225,36.7485698
-48.6195141,-21.6607882
-65.2794948,-39.961291
-94.36871529999999,45.7392708
-101.9612607,44.6100673
-77.18949119999999,44.3673667
-58.2498934,-34.8179246
-84.72188659999999,45.5507638
-109.7351908,41.9515542
-78.33966079999999,44.3921256
-57.8136571,-34.0680485
-53.9158079,-29.733947
-81.19519,44.82401
-50.82918249999999,-25.0116114
-101.1352819,44.39271069999999
-45.8687384,-11.5144168
-67.5957111,-40.5423718
-119.5324275,36.0979404
-91.7871376,45.3544569
-44.9736079,-3.9991923
-57.40886919999999,-33.3185897
-87.0298887,45.25189959999999
-106.4529396,42.8184093
-53.6421873,-28.9319708
-71.0021376,41.8563532
-66.8326206,-39.8901862
-92.88831809999999,45.0769727
-100.3515518,44.1580677
-88.1629214,45.06783739999999
-76.2312967,43.3442429
-68.3793019,-40.44910429999999
-109.7125804,41.2709627
-78.97832129999999,43.890475
-52.2678975,-26.3156538
-105.6425994,42.66728990000001
-120.4929078,34.6540025
-89.2776607,44.8582784
-53.12989229999999,-27.3447339
-73.1789658,42.1197884
-55.2717489,-30.10479
-80.11812669999999,43.8612866
-71.48082529999999,-41.4540382
-51.1088043,-23.6515212
-66.9811419,-39.2032669
-93.23727439999999,44.4427701
-81.231129,43.8239132
-60.0194031,-34.3782591
-91.4738933,44.3699472
-109.6844552,40.5791995
-45.9686295,-4.1042583
-98.8042251,43.6437501
-46.3826385,-7.408300799999999
-45.9500961,-2.0604434
-117.2399159,36.2441356
-89.7158161,44.2474826
-78.0070964,42.8781743
-97.0695566,43.7502559
-92.534938,44.093554
-80.7152091,43.3344535
-87.9775392,44.05585929999999
-90.80264509999999,44.0073443
-79.1106006,42.8740645
-96.3296701,43.4542965
-73.5099245,41.1284048
-80.20946,42.84826
-111.7768775,38.7872524
-61.50490879999999,-34.4921782
-82.9183626,43.1860216
-46.5832802,-1.7393844
-90.1208729,43.6179856
-97.304026,43.0825795
-113.8221119,37.5761892
-85.6617904,43.3882103
-118.7368877,34.1406179
-92.89074719999999,43.4512532
-81.3072277,42.7909104
-99.94003780000001,42.5576439
-47.9695105,-11.4585077
-47.1096706,-6.2294415
-52.04894849999999,-22.5686711
-91.16526309999999,43.38008000000001
-49.3334152,-15.7550954
-82.3837168,42.71591960000001
-89.4812208,43.230487
-65.28800009999999,-36.5915772
-85.0809573,42.9416287
-68.6671954,-38.4053962
-74.1972681,40.6724444
-49.8810173,-16.8859989
-76.6911768,41.320834
-61.77025189999999,-33.8330441
-52.65441180000001,-22.8123673
-116.7771372,34.9143146
-79.2516761,41.8452485
-113.663834,36.8942054
-86.150477,42.7897786
-75.24148509999999,40.7441108
-93.2022679,42.7923491
-62.9817866,-34.55956949999999
-88.856411,42.8223105
-95.8676359,42.475015
-52.52530160000001,-22.0183828
-69.46107549999999,-38.3387935
-117.2657337,34.2232283
-50.4200203,-17.20506
-73.093519,-39.79618929999999
-104.9889352,40.4162958
-56.1664585,-27.5243356
-110.8803766,38.0228782
-82.92046719999999,42.1437493
-107.2871346,39.5139488
-60.9142544,-32.4149278
-117.7223824,33.5239349
-50.4107515,-16.400488
-99.3680585,41.602026
-88.23691400000001,42.4095095
-105.7667286,39.8932264
-77.3292286,40.81297110000001
-111.5145225,37.3886059
-83.983327,42.02783609999999
-47.8268531,-1.1272717
-60.50502410000001,-31.6944291
-104.2252646,40.2124976
-75.9064753,40.2556253
-48.4623307,-7.470725300000001
-89.24498369999999,42.1784678
-116.9918969,33.5513443
-80.8933279,41.25571679999999
-49.5064006,-11.746753
-87.65173759999999,41.9838887
-105.0100378,39.711017
-76.9318991,40.2858139
-48.6090239,-6.727687
-83.4600391,41.5608964
-49.19470099999999,-9.829032999999999
-86.0553604,41.73459159999999
-75.53989729999999,39.7105343
-81.92950119999999,41.1808303
-99.5397412,40.9050592
-72.4040275,-38.5338568
-114.5487176,34.8952487
-88.65776939999999,41.7751489
-95.4276438,41.4624068
-91.249578,41.6823086
-60.842594,-31.0409006
-87.0683579,41.5534295
-82.95570889999999,41.0814262
-102.7492652,39.8015194
-49.4107507,-8.263232
-92.219749,41.3984297
-77.5618633,39.7639243
-94.7527734,41.1225131
-83.97648749999999,40.9610892
-49.1097352,-4.3985775
-86.5115186,41.1133545
-80.99880470000001,40.1833775
-104.2812247,38.7958915
-77.1862064,39.2263199
-49.5597939,-4.8179513
-111.7894377,35.3767637
-75.8452179,38.6553005
-58.58233149999999,-27.3207706
-64.951252,-33.2316094
-82.0033547,40.1014895
-78.1766608,39.2276676
-84.4676877,40.3542335
-66.1779218,-33.8353299
-86.953198,40.4776747
-76.8229487,38.6916392
-82.99563479999999,39.9991914
-79.1651612,39.2047476
-85.4513004,40.1970035
-112.8353408,34.1181182
-58.0945968,-25.8579395
-83.9777421,39.8718293
-99.0990552,39.1970303
-88.86647459999999,40.0394228
-104.9796419,37.5495682
-78.7734648,38.6699951
-84.9495214,39.7338461
-91.31070410000001,39.9417511
-97.6017547,39.3065849
-69.4351029,-34.9077005
-77.4505992,38.1514812
-99.897368,38.7607135
-89.8062142,39.7975331
-96.0966476,39.3617122
-85.9091461,39.5592425
-55.13412409999999,-20.0896531
-102.1187219,38.1070138
-54.39261519999999,-18.3383117
-104.2671015,37.3453073
-84.4645243,39.2491193
-72.0079162,-35.805472
-90.7240679,39.5389921
-111.4018937,33.958965
-77.11762100000001,37.6026743
-93.10520849999999,39.3356718
-89.2510078,39.36952369999999
-110.1485839,34.4693597
-63.99843809999999,-30.5114142
-111.9045358,33.3335525
-78.0609135,37.59755320000001
-93.9777493,39.0084233
-65.0984388,-31.1691601
-83.99966189999999,38.7583181
-56.4547404,-21.2161877
-90.15496859999999,39.1158301
-80.3145234,38.0496109
-86.35167009999999,38.9108161
-76.7960117,37.0509602
-82.6112447,38.3883257
-98.5492843,38.1583052
-88.70506069999999,38.933096
-64.6954486,-30.5165045
-84.93356159999999,38.6083553
-81.26179789999999,37.9755792
-97.0969696,38.2544459
-87.2735697,38.7037515
-102.8852369,36.8858625
-59.893314,-25.4419738
-99.3231146,37.74093939999999
-91.9235178,38.5472635
-82.1886493,37.8792364
-78.6530725,37.0290859
-100.0736206,37.2853149
-90.4898881,38.41872060000001
-86.7689497,38.2377642
-77.4199079,36.5013839
-98.6670305,37.4209026
-62.65378719999999,-27.7479494
-69.267788,-32.8487517
-85.387845,37.9542231
-97.2522759,37.5188523
-87.6672919,38.0274001
-102.8643978,36.1407714
-93.6151055,37.9017978
-112.5899659,31.3448758
-95.8470864,37.5598082
-101.5060489,36.3584481
-92.2042637,37.8294609
-82.7153088,37.2420892
-79.2383737,36.4379593
-102.1862136,35.8665007
-114.4355368,29.4471297
-80.1492123,36.3827609
-95.2393944,37.1932915
-100.8389307,36.0794681
-88.0519436,37.3367006
-78.9183633,35.8928795
-90.2770269,37.2810573
-81.042548,36.3001894
-77.72585749999999,35.3656798
-111.1854531,31.1569227
-79.80584440000001,35.8361813
-68.6230538,-30.868808
-114.111974,28.7420355
-93.28002099999999,36.7689686
-107.1428531,33.1301841
-84.0803957,36.45890929999999
-89.75197519999999,36.8290537
-86.24222999999999,36.5992834
-77.4507153,34.7997537
-82.8151747,36.0814393
-79.4934865,35.2865755
-94.0632937,36.4221309
-90.58342479999999,36.5474754
-104.6536652,33.8106695
-81.5692937,35.6656568
-78.3279017,34.7745108
-56.1200868,-13.8429134
-83.6805301,35.939766
-80.3647051,35.2142064
-79.19336,34.72945
-84.5349993,35.7734054
-81.230767,35.124755
-78.0552352,34.2054564
-54.3083339,-2.5531703
-110.2125474,30.3167793
-88.7639988,35.905759
-71.13405110000001,-31.0758332
-80.05055639999999,34.6653504
-67.09563949999999,-28.2876467
-57.26098340000001,-15.0135401
-69.58658969999999,-30.0194617
-109.0899957,30.7861642
-78.9102388,34.1638673
-98.29511839999999,34.8046612
-110.6146429,29.6945297
-80.90406039999999,34.5747887
-86.2221428,35.3958551
-82.9321245,34.8833502
-54.77900589999999,-2.9303791
-79.7568192,34.1006583
-84.9830254,35.0867514
-110.9946428,29.0667045
-90.36445710000001,35.3485518
-81.7598141,34.465024
-95.7189288,34.9021237
-97.68995129999999,34.4491092
-102.6809336,33.0513557
-94.4426043,34.8941985
-85.8081577,34.8892316
-99.60479579999999,33.89094980000001
-79.48578599999999,33.532115
-98.35672389999999,34.0144724
-64.9925721,-25.0229034
-89.88795900000001,34.89812990000001
-103.2564531,32.5287538
-81.4350951,33.9114577
-91.90204299999999,34.741229
-83.41404419999999,34.1928403
-88.63436469999999,34.6782821
-93.88973879999999,34.4626658
-90.65461239999999,34.5863019
-92.6445707,34.3890405
-84.2300968,34.0284988
-89.4145494,34.4147418
-86.2117772,34.1585378
-64.5818946,-23.7039047
-88.1987218,34.1874245
-80.0424857,32.8807199
-90.1709903,34.1204128
-71.2266447,-28.953617
-100.2084218,32.6238635
-92.1233783,33.9416749
-104.8080012,30.9200832
-94.0630204,33.6809586
-106.3826215,30.0313709
-85.82360539999999,33.6344388
-110.3221942,27.5504804
-90.9107768,33.8095249
-111.630348,26.423034
-92.84529219999999,33.5977412
-84.6702294,33.3019568
-66.1188312,-24.3201214
-89.7151784,33.6365838
-81.6555522,32.6667662
-94.7460285,33.2933452
-86.5945393,33.40747230000001
-99.60779389999999,32.2872768
-96.6061994,32.8882044
-101.3424682,31.6401805
-93.5379784,33.23949169999999
-85.4547063,33.095802
-97.2342316,32.4597678
-89.2700043,33.1359747
-94.2150461,32.8658756
-103.515268,30.3995231
-96.0476607,32.4957045
-88.1117232,32.9102535
-111.2407442,25.6779918
-93.04103119999999,32.7931918
-93.7031975,32.4176333
-85.8490509,32.3434677
-109.3209677,26.650636
-87.7150273,32.3890174
-104.4126068,29.29019659999999
-70.5325837,-26.3542853
-97.2747225,31.6207373
-89.55989900000002,32.3344087
-83.6966968,31.6337687
-96.1233712,31.6440935
-97.8628717,31.1760339
-81.6461958,30.7929452
-86.2448572,31.5595544
-58.6333786,-3.0691727
-88.033808,31.5737655
-85.18160440000001,31.2295305
-86.9769977,31.3082306
-84.14739929999999,30.8679588
-88.7436007,31.2999288
-85.91201339999999,31.0086973
-97.8570096,30.3132752
-95.0593384,30.7690929
-87.66699589999999,31.0503501
-68.436994,-22.7068095
-89.4221122,30.9947667
-93.9759928,30.7196657
-86.6179435,30.7536789
-98.3871619,29.8413314
-91.17511669999999,30.8561587
-83.8528884,30.2853925
-87.31448499999999,30.490393
-98.9029625,29.3710299
-84.5877556,30.0818532
-69.071473,-22.5975368
-89.0336414,30.460596
-100.4407119,28.7419799
-93.5020217,30.2457332
-90.7404095,30.338698
-95.15409509999999,29.8975484
-92.42130209999999,30.1324547
-60.2561924,4.6148259
-64.8579386,-17.0508779
-82.6487014,29.2787058
-65.54386749999999,-17.7039154
-81.71822100000001,28.8269351
-80.8289317,28.3606309
-62.2867852,-10.2022531
-60.6604554,-0.4644743
-60.85716479999999,3.3041032
-62.7670969,-10.9593293
-96.7608934,28.5672283
-60.9811715,2.3967855
-82.23899639999999,28.043395
-62.9052686,-10.3389148
-66.8888437,-17.6356449
-63.0636605,-9.7068101
-97.7436365,27.6199479
-104.0894231,24.7320729
-62.7936777,-6.3577013
-69.8694241,-19.8023368
-81.9017763,26.7691648
-80.3129953,25.7903693
-81.7639824,26.1179067
-69.8924152,18.5266257
-97.56352079999999,25.7027804
-105.3247416,21.8017128
-99.2420403,24.6184982
-104.6774062,21.4876957
-71.03864229999999,-17.5805755
-101.9120939,22.7172466
-99.8878069,23.547124
-102.1593634,22.1494372
-98.1519503,23.6613603
-104.1957359,20.5397899
-102.3769084,21.5648443
-67.32943809999999,-9.6389751
-100.4657392,22.4282593
-103.3871908,20.7859867
-101.5467188,21.7102478
-103.5613919,20.1953399
-68.3737189,-10.7943839
-101.7626982,21.1524932
-99.070557,22.0271291
-98.2275808,22.0800089
-73.1354703,-16.3387784
-100.3417941,20.8340675
-100.5488358,20.2441326
-101.4940318,19.5327229
-100.7183286,19.6595639
-98.980863,20.3725858
-73.2547371,-14.4978345
-99.95169489999999,19.7327383
-98.20469949999999,20.3934667
-99.1828908,19.7914495
-97.4355609,20.384132
-89.4525938,20.9496404
-99.513588,18.6068386
-98.7813968,18.6313215
-74.22406699999999,-12.9966818
-98.0404061,18.6448574
-89.2276461,20.1553485
-90.30149589999999,19.9893262
-88.60215570000001,19.8241573
-75.5234667,-13.5531328
-71.9045083,-7.828662399999999
-96.607858,18.5361945
-99.12395819999999,16.7959687
-72.7381745,-7.7182098
-73.2884404,8.1497836
-88.8227462,18.508074
-72.8088444,6.705626800000001
-73.365318,7.4907372
-93.22602409999999,17.7736474
-75.1902771,10.2392541
-75.17491629999999,9.6059083
-93.46359249999999,17.1751833
-73.2770944,4.7996274
-73.4576987,4.199846400000001
-91.3879718,16.9743296
-93.6789369,16.5505075
-73.8894356,4.9594776
-75.8446154,8.9440584
-90.8204532,16.6650436
-75.2833198,7.683477399999999
-77.67211019999999,-10.898423
-93.2609708,15.6569046
-75.5336359,6.4623649
-75.2104289,5.220547499999999
-75.69346569999999,5.862879200000001
-76.13270849999999,4.702681999999999
-76.3822757,4.1396732
-77.3695747,-5.828697099999999
-76.6542018,3.615018199999999
-76.58410649999999,2.4690489
-77.93336409999999,-6.0391553
-77.3422303,1.5297013
-77.77688599999999,1.0742734
-78.41731949999999,-0.3063378
-78.67384910000001,-1.242489
-80.3533365,-5.1398947
-79.88080819999999,-3.774244
-79.2454996,-0.07497
