96.2559733,4.3626876
98.6016415,2.2673585
101.5016328,1.4361146
99.4263132,7.7593788
99.24763449999999,13.8260935
76.7929274,10.2990483
77.0805905,13.1126782
82.10764619999999,17.2776255
107.4401982,-7.4897331
99.3787353,16.7760123
104.9679978,12.901256
77.9838982,15.8909899
84.08061,19.5602068
102.4475505,16.4977278
110.6829168,0.4268393
107.7188435,11.5454363
79.4896014,18.5500751
98.9575672,19.5438912
86.59264639999999,21.5044852
105.4860678,15.6340043
75.1718542,16.456948
111.8717994,-2.4068775
94.6094731,21.7915892
81.57862820000001,20.9855501
102.2798444,19.2570745
112.6590593,2.3340865
89.5916352,23.0383495
108.4538339,14.2041824
76.7168907,19.3073714
98.0416272,22.1612306
84.2114556,23.1127134
105.5754075,18.3637338
113.9864637,-0.6814467
78.8520684,21.9624583
101.6412622,21.8976831
87.37128179999999,24.8411829
73.8576401,19.6115281
114.8595948,-3.983984
81.5584453,24.3245871
90.95387559999999,26.084853
84.81496949999999,26.2949435
78.6828601,25.1290444
104.3900163,23.7245837
88.55070909999999,27.7924543
72.9955738,22.6232301
81.9704774,27.398056
108.193023,22.3969727
75.64298959999999,25.5439709
103.1947499,26.3015325
85.8085572,29.2073974
69.9904892,22.3361081
78.9116815,28.1220588
107.3159347,25.0919374
72.522233,25.5541901
111.2125194,23.27828
121.1033176,-1.4500496
75.69453759999999,28.4622134
106.0295465,27.7284287
87.1675463,31.8469776
69.3641079,25.1753446
110.2995146,26.0674585
72.3905369,28.4006645
104.3307471,30.2528015
122.3398412,7.846602499999999
114.2684029,23.7767366
76.0934238,31.2701231
108.9849734,28.79305239999999
115.3189576,-23.8818748
69.0644974,27.976598
123.0610859,10.7537257
113.3460925,26.6729439
120.9197552,17.5567009
72.57887869999999,31.2004433
107.2785474,31.4238764
118.2500206,-22.5781558
117.3011302,23.9380778
99.66947069999999,34.810538
112.0453487,29.5139905
115.8789584,-26.6027948
105.1170124,33.9240639
125.6164333,9.6325345
116.4074063,26.9357749
73.0891351,33.9165296
110.3390134,32.2726361
120.2805552,23.7713176
102.5315022,36.243193
115.1648393,29.9036519
116.1653453,-29.3465872
108.197495,34.915085
55.0247462,17.9289578
119.4664426,26.889491
113.4996564,32.7985383
119.4941012,-27.9507449
105.6116299,37.384915
118.3063568,29.9780846
116.2289953,-32.0772235
69.8798182,36.1621885
111.4138284,35.5922496
116.7196639,33.0310426
55.8678165,25.2539387
108.8622746,38.2523844
51.4732104,18.0554026
81.0985041,41.39196039999999
121.4110436,29.7892808
116.0338586,-34.7890883
114.7214652,35.9808336
87.8453559,42.8666625
123.1353855,-28.920749
62.0430807,34.1453704
105.8243071,40.6982195
119.9512373,32.9710757
55.3010617,27.9290184
119.792789,-33.4148128
112.256995,38.8020339
83.28147799999999,43.6147675
126.1875095,-26.8782925
118.0923748,36.0731884
109.2877276,41.4419451
78.4421747,43.9539859
115.7359977,39.0772839
58.46477019999999,35.3095547
73.5359073,43.8396017
51.7645438,28.4082296
112.8872901,41.9333767
136.7545224,-4.5059193
68.6110183,43.2516952
134.0542311,-19.0128023
48.8430998,25.9077417
88.6619051,47.5553587
44.8550683,17.5189851
51.3829348,31.1675731
63.8767855,42.2445742
116.5760272,42.10154989999999
46.2497319,23.1408309
41.504448,-0.7220525999999999
91.9733174,49.2179818
128.0312999,34.7330485
51.18600929999999,33.9270905
65.05410350000001,44.8852232
120.3155093,41.9992119
45.4834387,25.8151517
126.2357829,38.21667
47.8841003,31.3615511
42.9794075,22.7579301
80.4573178,50.6411013
133.6658976,-29.9880135
51.1684874,36.7147857
39.889212,13.5382594
123.9993343,41.6366975
47.6222545,34.1887277
38.2872992,9.973797099999999
121.1911129,44.9071487
42.21684,25.5254959
37.2498923,0.1276903
109.1575742,50.57050419999999
36.8949171,6.3139395
117.7556378,47.995017
77.2265839,52.790114
137.0595416,-29.8262598
104.0053262,52.7982244
37.0523965,12.5530916
141.2379451,-20.5556887
37.1045778,-13.7662859
125.0960057,44.4599237
113.5798461,50.8727922
35.6641839,-7.6288208
44.0493719,34.1741083
98.1118669,54.66718770000001
35.5682268,8.845935899999999
36.9260586,-17.757909
121.9542785,47.7734439
80.48807169999999,54.84641629999999
137.491049,-32.68359220000001
34.7303012,-1.3602095
136.0387591,35.1125091
47.5919221,39.8563025
142.1062605,-23.2752465
128.9305316,43.7379825
73.56686549999999,54.7009203
43.8794093,37.05198499999999
144.1826102,-19.7370498
34.8713535,-15.6883666
126.0977435,47.2644984
84.2933767,56.7422643
33.2019193,1.0819501
33.3431209,-9.3812338
122.5665403,50.59978049999999
140.8765291,-32.3531865
32.3150094,-2.9411001
107.7863391,56.2623378
33.1654939,14.1132168
60.29243819999999,52.6184658
145.1147773,-22.4851707
32.9234394,-13.4966376
130.1415164,46.4762549
31.7603755,3.575959
69.5060211,56.36818350000001
143.5611871,-28.92625229999999
40.3371323,36.861696
32.7012531,-17.6501168
127.03562,50.0342897
141.2599194,-35.2268337
30.7880766,-0.441124
43.9348231,42.8149026
62.3814829,55.2367491
145.925541,-25.3176229
93.63604959999999,59.82636279999999
32.6792715,-21.8469251
123.1396777,53.4498578
144.154269,-31.7914388
29.99019169999999,-4.6013399
40.1720715,39.7712892
55.8461265,53.5279385
131.317351,49.2140379
141.5462326,-38.1514628
44.255823,45.763098
64.9580689,57.80050559999999
146.6710874,-28.1760074
36.8536987,36.4594945
49.9515161,51.3252912
127.8431584,52.80945
144.6381419,-34.715993
57.72965549999999,56.2641162
148.8782056,-24.3713087
135.4017853,48.06528489999999
44.75613269999999,48.6758233
30.6112054,-23.9415056
123.5040542,56.2471675
30.14756299999999,22.457002
141.2158674,42.6416633
36.5541438,39.4035397
51.2314061,54.158197
145.0475151,-37.6565057
40.2567428,45.6719442
30.842257,-28.2498298
118.0012572,59.3761745
60.1158119,58.91233210000001
149.6788691,-27.2706007
45.48639319999999,51.6115066
28.5023969,-21.6823826
147.9275029,-34.0084858
26.2016168,-3.7462435
52.8326424,56.9819399
26.7800804,-14.9369779
25.6665637,3.1613851
40.5322842,48.6408763
28.5648823,-26.0530201
63.0982823,61.4526043
150.4087188,-30.1949444
33.0621386,38.8311015
46.4691126,54.5183995
148.4598752,-36.9720188
36.3286184,45.36215
28.8327185,-30.4404739
117.5879036,62.15932309999999
54.9694655,59.7479999
152.5615753,-26.232514
41.0062952,51.623151
26.4636229,-23.7474327
151.0973644,-33.1460701
32.7148492,41.8257178
27.7161773,31.17531959999999
36.3778197,48.3724727
26.5567624,-28.1811852
153.3831426,-29.1629096
23.4131329,-9.9092089
29.63172599999999,38.0672222
41.6971986,54.6024062
26.8498577,-32.6346983
22.0634017,4.3347618
36.5852297,51.390834
24.4274961,-25.8468358
21.8480515,-7.2613033
29.1550673,41.0829212
21.9408701,11.5198793
42.6900491,57.568638
32.3208565,47.86541630000001
36.9746965,54.4337946
20.802454,14.3399428
32.2732211,50.9189611
22.3737284,-27.9146826
25.7434009,40.1546057
19.6452352,9.9651195
37.5563963,57.45777859999999
20.5816962,-20.8174125
141.1800566,58.61411769999999
28.387167,47.17710109999999
45.75626190000001,63.50953130000001
32.3670805,53.9888103
28.0822028,50.2397463
20.3419811,-30.0072582
22.4433869,39.1054722
32.5261163,57.0616923
18.5096727,-22.816576
16.883356,-3.5803925
24.5965831,46.2821079
27.8440172,53.3257842
21.7108478,42.1579723
16.1560843,11.2737375
16.7683256,-20.1618969
18.2359878,30.5325159
24.0659703,49.361703
15.6195589,-12.8033537
27.7027889,56.4297361
14.7854717,-5.378072599999999
20.9659505,45.2226767
15.1455631,-17.4566376
23.5600787,52.4624193
13.923297,9.5642515
15.4961849,29.1215752
20.2457597,48.30420849999999
12.9836732,4.9648088
23.0694017,55.5673906
17.5473353,44.0202337
12.7482586,12.4997132
27.6486392,62.6612543
14.5020065,32.1346862
12.1369149,0.3353801
19.4903515,51.3948535
22.5814173,58.69319429999999
16.619139,47.087362
27.8203577,65.7820747
169.5452531,-0.8497435999999999
10.5446192,10.7989386
22.0990586,61.81174540000001
10.0712197,-1.4535787
15.6454034,50.1660823
13.185362,45.7127659
9.347664,13.7535851
10.6786883,33.6208404
14.5890129,53.253521
8.400807499999999,9.0703521
16.9396016,60.7268507
12.0305007,48.7932188
9.4892903,36.643477
169.0651202,-46.5232923
13.4414982,56.3403055
9.9572652,44.2528673
7.173479700000001,12.0028037
15.8332063,63.842439
10.7634801,51.8493109
12.130006,59.4150662
8.6354566,47.2877584
6.784840200000001,35.0150785
9.349724499999999,54.89996910000001
5.0552344,10.268301
7.1882203,50.31583329999999
5.4540435,45.6747865
3.805227799999999,13.2266453
2.9451828,8.4675516
176.6233581,-38.6306162
3.8600997,48.6677593
2.7959491,36.2932868
2.4621782,43.9725078
0.8886872,6.6502268
179.1527565,-16.7331514
0.7528887,46.9211469
-0.3558888,42.1820437
-2.2691162,57.478413
-1.6676456,12.538641
-3.2969319,52.7258389
-3.0172529,40.3387817
-2.4404502,7.784683199999999
-4.148687,47.9649649
-4.9071938,43.19595320000001
-4.503809299999999,30.8091337
-5.5380978,38.4349156
-4.4995711,5.9285378
-6.1535967,33.6605615
-8.9332817,53.55160619999999
-7.4547975,41.2538879
-160.4837982,69.860627
-7.832712399999999,7.0051611
-11.2517414,8.035603199999999
-12.6549751,10.8764558
-15.6599933,16.4417788
-116.7134346,57.00465810000001
-125.4143372,52.5922236
-119.1195981,54.4065933
-121.0379326,51.7642509
-114.7592356,53.1998044
-122.5367963,49.043327
-108.10299,54.0906701
-101.2668801,54.3993785
-123.7154603,46.3030014
-110.7136475,51.7253455
-36.3601623,-9.5687476
-118.4717474,48.0059355
-112.846624,49.2384473
-37.6865419,-7.0498752
-70.08923109999999,-49.6835759
-119.7328228,45.32979659999999
-107.0059848,49.9750032
-39.1325589,-10.6642658
-41.7198381,-20.092159
-114.5915519,46.6830803
-76.80329069999999,50.0244655
-39.1066653,-4.6187952
-101.053388,50.166702
-64.19258669999999,45.4970562
-120.7457055,42.6113009
-109.1957753,47.5840721
-40.4679453,-8.185965
-95.2335933,49.8265434
-42.7116817,-17.4605811
-115.9750679,44.0761798
-80.7690516,49.0082558
-103.6369695,47.9640913
-68.1095874,45.28328459999999
-42.0243986,-11.6140082
-121.4373576,39.89306879999999
-44.88058849999999,-20.5830157
-110.9631956,45.0751105
-41.8789473,-5.7866254
-49.46492019999999,-28.9087718
-98.1396149,47.8515534
-43.8253846,-14.8883836
-117.015074,41.4222002
-84.45252550000001,47.7231337
-47.3080582,-23.5024323
-105.7950758,45.6322885
-65.2943962,-42.0492626
-71.9491103,44.7779883
-121.8962528,37.1510699
-52.6245832,-31.341202
-92.8076169,47.2591589
-45.8704243,-17.9751951
-112.3763583,42.5321954
-60.12010039999999,-37.997144
-79.7552548,46.0443834
-49.9965143,-26.1927465
-100.6436946,45.7042369
-45.0548886,-12.3961111
-117.7626052,38.7421623
-56.064567,-33.462288
-87.79054269999999,46.2145545
-48.1688686,-20.8632289
-107.5589284,43.1949528
-75.61115,43.991663
-44.8169435,-6.8182432
-52.9688458,-28.6074411
-95.58309589999999,45.3090286
-46.9844348,-15.444023
-59.79105519999999,-35.2544161
-50.6920768,-23.5212651
-68.7853508,-40.3186955
-72.0128798,41.6555428
-118.2947911,36.02354160000001
-56.1977635,-30.7396523
-90.7756567,44.4586636
-49.1516576,-18.2824852
-109.0039419,40.6830331
-63.7209304,-36.6951226
-79.0677828,42.9287681
-46.4046989,-4.5843358
-53.49554759999999,-25.9071978
-97.9765515,43.1845403
-73.26624079999999,-40.8966138
-48.2741049,-13.010567
-114.2268542,37.2544076
-59.67136259999999,-32.5468068
-86.31842569999999,43.2163339
-51.5573008,-20.8967688
-104.4663408,41.0148337
-67.84279719999999,-37.7386679
-75.44335699999999,40.804229
-93.4011259,42.5218829
-50.295194,-15.781509
-48.1147869,-2.4573446
-54.1947606,-23.2601029
-99.9860283,40.9176009
-72.0328858,-38.3510598
-49.6460552,-10.6019899
-59.7959774,-29.8067745
-89.1172115,41.4587562
-52.569553,-18.3555044
-105.8437319,38.5189618
-78.67152,39.672266
-49.5566809,-5.4882471
-57.0726515,-25.3328796
-95.66098199999999,40.40002380000001
-110.8407787,35.4360087
-63.24559230000001,-31.258175
-85.185304,40.02617499999999
-55.08151059999999,-20.6571694
-101.6447877,38.5092969
-71.1284233,-35.7236563
-51.2158674,-8.3948466
-60.15500979999999,-27.099509
-91.5698725,39.4869068
-106.885785,35.9120795
-81.66400999999999,38.2767296
-97.560243,38.112102
-111.3046002,32.7318196
-63.4143442,-28.5341899
-87.7922646,38.20921999999999
-102.9316537,35.9959493
-78.57648499999999,36.24686
-93.6749445,37.3210628
-84.3830033,36.6148539
-99.10185249999999,35.6674971
-111.4794833,30.0042129
-63.7771081,-25.7996965
-90.0818403,36.1692744
-57.43392069999999,-15.6548918
-103.9180599,33.3654685
-81.3712499,34.7290517
-95.4422725,34.9664446
-86.81027999999999,34.68842000000001
-100.2953867,33.0932981
-92.028922,33.902599
-104.5134398,30.6424843
-70.2647307,-27.5167404
-83.9138619,32.9178402
-96.85071839999999,32.4386924
-88.92840729999999,32.5153886
-101.1344915,30.3646331
-81.42031759999999,30.9098813
-93.6371504,31.42405
-104.8069222,27.8018851
-86.16820249999999,30.82348
-97.89807479999999,29.7219568
-107.8346361,24.8430534
-65.7046825,18.3608182
-68.2700183,-21.2825197
-90.7056425,30.0731593
-60.3236344,3.1137162
-62.9693708,-12.6974818
-66.5983528,-17.7145038
-104.7664267,24.8727716
-98.5913496,26.825535
-81.8194043,26.6817745
-64.9824678,-10.3804773
-104.3154487,21.8142977
-98.87732199999999,23.7133311
-67.0130476,10.1559426
-79.1329638,21.8185521
-101.4544983,21.2949791
-103.4444272,18.6033604
-98.7271128,20.3351495
-96.22156600000001,18.9011318
-71.80198759999999,7.493059400000001
-98.0309862,16.5563803
-74.20965629999999,9.1055608
-94.0038596,16.9500068
-73.6562653,5.241371600000001
-90.1523771,16.3472694
-73.95954619999999,1.5508231
-76.041004,6.6280686
-86.7992082,14.9258986
-84.1711689,12.8209873
-77.0133295,0.1929322